[thetas]
theta_0=8008.419827464048
theta_1=-0.021448720368722425
